              precision    recall  f1-score   support

           0     0.1930    0.4521    0.2705        73
           1     0.4238    0.8018    0.5545       111
           2     0.0476    0.2000    0.0769        15
           3     0.3571    0.3743    0.3655       187
           4     0.4600    0.7753    0.5774        89
           5     0.8548    0.4884    0.6216       735

    accuracy                         0.5149      1210
   macro avg     0.3894    0.5153    0.4111      1210
weighted avg     0.6594    0.5149    0.5447      1210
